{
    "intrinsic": [
        [3065.2253006000756, 0.0, 1939.6619861072534],
        [0.0, 3065.2253006000756, 1560.2504749857046],
        [0.0, 0.0, 1.0]
    ],
    "poses": [{
        "R": [
            [0.5763737300006053, 0.5230501919765176, -0.6278628990779098],
            [-0.4556184282226102, 0.8435074891301118, 0.28444149423980475],
            [0.6783842356873778, 0.12212130221522664, 0.7244868641432429]
        ],
        "T": [
            [-1.3438654059719206, -0.28572837776230003, 0.6262972899773774]
        ]
    }, {
        "R": [
            [0.7319613743619093, 0.4301025146693248, -0.5284357797474997],
            [-0.3790124228109711, 0.9015315535122976, 0.20878324017186073],
            [0.5661997260659727, 0.047462457762176724, 0.8229004710814006]
        ],
        "T": [
            [-1.2070289117287523, -0.15950292131275798, 0.4456976879498798]
        ]
    }, {
        "R": [
            [0.9191176900723923, 0.21114864309608394, -0.3326242960378456],
            [-0.18554170418609023, 0.9767553920425028, 0.10734607642395741],
            [0.3475585530579145, -0.03694799906056179, 0.9369300387764871]
        ],
        "T": [
            [-0.8511678780338161, 0.0710763426838356, 0.0702282984547114]
        ]
    }, {
        "R": [
            [0.992114199497909, -0.016482125074106388, -0.12424876139287921],
            [0.028939351592062287, 0.9946532961616977, 0.0991329126178639],
            [0.1219505189987075, -0.101946848836595, 0.9872866407119233]
        ],
        "T": [
            [-0.5494445865637453, 0.15750335392630493, -0.2154513646335637]
        ]
    }, {
        "R": [
            [0.9960620574388489, -0.07440286430787021, -0.04821401781092208],
            [0.07882120885498911, 0.9921233450464482, 0.09735751254261084],
            [0.04059057483364143, -0.10077441141793433, 0.9940809440070982]
        ],
        "T": [
            [-0.2917118037256219, 0.16012407224604705, -0.2315655061147646]
        ]
    }, {
        "R": [
            [0.9939073876541527, -0.10994083352161518, 0.007817793235328566],
            [0.10896279775499232, 0.9907856881099179, 0.08044146282832705],
            [-0.016589559123210383, -0.07909951555558971, 0.9967286758024816]
        ],
        "T": [
            [0.011343594659539918, 0.14612350734675675, -0.2589259487693033]
        ]
    }, {
        "R": [
            [0.966776622515204, -0.2106222977964485, 0.14484892070374142],
            [0.1985796682427375, 0.9756374424454827, 0.0932614403654676],
            [-0.16096296940196808, -0.06139892970876227, 0.9850487774277574]
        ],
        "T": [
            [0.29873776229292587, 0.1789428303735144, -0.27259526586014704]
        ]
    }, {
        "R": [
            [0.9215441640158314, -0.3322339698931742, 0.20094014784851655],
            [0.30698873001104904, 0.9403197098768667, 0.14682221515591015],
            [-0.2377273089372896, -0.07361679472855717, 0.968538225430121]
        ],
        "T": [
            [0.5149811335795577, 0.10490548654143206, -0.1512323350715052]
        ]
    }, {
        "R": [
            [0.8626676143876986, -0.41433179138605725, 0.29005819025405516],
            [0.38254753199811176, 0.9096790070444882, 0.1616833012549768],
            [-0.3308503783416163, -0.02851790296243087, 0.9432522230887318]
        ],
        "T": [
            [0.6565629594858636, 0.03879989240018688, -0.08116786714078701]
        ]
    }, {
        "R": [
            [0.898407504066955, -0.39131827305190786, 0.19933380499016368],
            [0.39827615372985137, 0.917248296571511, 0.005627415642824261],
            [-0.18504070364744066, 0.0743341887178016, 0.979915489407799]
        ],
        "T": [
            [0.4399189094104712, -0.2939279551085033, -0.4431745068491361]
        ]
    }, {
        "R": [
            [0.9899108791994778, -0.1411780252605614, -0.01205057783033546],
            [0.13765611427765811, 0.978386957914962, -0.15430409840274073],
            [0.033574476086649666, 0.15108846999501535, 0.9879499120856645]
        ],
        "T": [
            [0.03447475216016193, -0.4448593631240779, -0.38619877478635223]
        ]
    }, {
        "R": [
            [0.8331366772460411, 0.31184542936161336, -0.45676657628782014],
            [-0.39286693280473, 0.9149920198228567, -0.0918976428919306],
            [0.38927991232020914, 0.2560117806796399, 0.8848271684443297]
        ],
        "T": [
            [-0.8514527600595361, -0.6875584957353128, 0.0991932242950642]
        ]
    }, {
        "R": [
            [0.4783010897243624, 0.5562188530513934, -0.679594478405085],
            [-0.6122669145171067, 0.765972184291033, 0.19599958744886561],
            [0.6295691327854226, 0.322346398153626, 0.7069197313989719]
        ],
        "T": [
            [-1.3599327534307146, -0.7967256727958841, 0.6538845396490873]
        ]
    }, {
        "R": [
            [0.40565623556302205, 0.5278275572339939, -0.7462178558391864],
            [-0.5456027292993239, 0.7948361317695488, 0.26561849599519444],
            [0.7333216758898966, 0.2993886996164273, 0.6104143889293714]
        ],
        "T": [
            [-1.4866491497999443, -0.697426408052569, 1.070206469072285]
        ]
    }, {
        "R": [
            [0.6354220359426431, 0.4569575504891027, -0.6224376541385536],
            [-0.3782792010617193, 0.8869554650253103, 0.2649808466773455],
            [0.6731594775999322, 0.06708054943673859, 0.7364485844949745]
        ],
        "T": [
            [-1.4757712225162711, 0.008449109240557844, 0.7464178973906115]
        ]
    }, {
        "R": [
            [0.895004325236453, 0.22623562195081073, -0.3844277580619943],
            [-0.12124102399167581, 0.9527710098744653, 0.2784385333322983],
            [0.429264338036007, -0.20259527660664087, 0.8801632132662597]
        ],
        "T": [
            [-0.93190211359027, 0.4942388188027103, 0.10973120308196256]
        ]
    }, {
        "R": [
            [0.9863979587430429, -0.08902740911198942, -0.13817810034287117],
            [0.11161641413556758, 0.9798812370965823, 0.16545252274168873],
            [0.12066831847289321, -0.1786249747736246, 0.9764897722475369]
        ],
        "T": [
            [-0.019917834110318965, 0.4388683608872047, -0.27449970138019963]
        ]
    }]
}