{"intrinsic": [[3029.976659567505, 0.0, 2002.299272589585], [0.0, 3029.976659567505, 1127.1891898110057], [0.0, 0.0, 1.0]], "poses": [{"R": [[0.9995970100153004, 0.014988871171822788, 0.024107080069261218], [-0.014674999964480767, 0.9998059141712038, -0.013144518413621107], [-0.024299422719763552, 0.012785449905186545, 0.9996229640850635]], "T": [[0.040015406031589144, 0.008471712702707225, 0.21590054184678145]]}, {"R": [[0.9996367816823013, 0.012841294409985354, 0.023694004847788736], [-0.012514913381396904, 0.99982545583704, -0.013872087200975035], [-0.023868004753374125, 0.013570520186470435, 0.9996230086042245]], "T": [[0.03432243093507809, 0.005848179047530768, 0.22200057211026555]]}, {"R": [[0.9994481857966804, 0.013063865388148703, 0.03053947165300334], [-0.012871999086830888, 0.9998962151026928, -0.006470754424197009], [-0.03062083518183149, 0.00607407971876981, 0.9995126162327003]], "T": [[0.039039752278366265, 0.002632174181906621, 0.217872189630219]]}, {"R": [[0.9996020363947363, 0.006549388023675041, 0.027438555938886496], [-0.006503892231340341, 0.9999773234039496, -0.0017470156598438505], [-0.02744937560927702, 0.0015678630003832688, 0.9996219653370332]], "T": [[0.034913922849972585, 0.0027481987105088634, 0.2151927907848233]]}, {"R": [[0.9994017862976695, 0.009784603584972988, 0.03317123871235672], [-0.009570833225368022, 0.9999324362898069, -0.006597121107226247], [-0.033233547755233885, 0.006275698225389131, 0.9994279098141018]], "T": [[0.04890522237834026, -0.0015439285749916931, 0.2145041236129513]]}, {"R": [[0.9993298840523159, 0.0123500060226057, 0.03445664219314693], [-0.012384075808173798, 0.99992301365443, 0.0007755195806187393], [-0.03444441183069258, -0.001201713561595058, 0.9994058927073391]], "T": [[0.054857364571677655, -0.00985433925746031, 0.21190817482429047]]}, {"R": [[0.9982983723978615, -0.005046368060449033, 0.05809383648184359], [0.0053948372436157035, 0.9999683763895751, -0.0058431114923454056], [-0.058062512853781986, 0.006146575485224427, 0.9982940269334024]], "T": [[0.07432816878177204, -0.01989769428031203, 0.19829183081595175]]}, {"R": [[0.9974823191072868, -0.03384332966774807, 0.06231895462336468], [0.0349451499483092, 0.9992500958161709, -0.01667580602140244], [-0.06170785657790302, 0.01881156687714713, 0.9979169631728823]], "T": [[0.0868294774874922, -0.006094078234949131, 0.18874706120022705]]}, {"R": [[0.9964952576039086, -0.043296589446791704, 0.0715723893355243], [0.044998087231499666, 0.9987373977857795, -0.022333437030514602], [-0.07051506022422624, 0.025475784705590115, 0.9971853441939508]], "T": [[0.09950294491889046, 0.0030380306558475847, 0.1821090212619559]]}, {"R": [[0.9960542880845908, -0.05137709391535985, 0.07236193342574053], [0.053002744530833035, 0.9983792539095565, -0.02072617753461886], [-0.0711798023353413, 0.024479779080081275, 0.9971630639748407]], "T": [[0.11273898344334195, 0.007638501157830776, 0.18320872994850423]]}, {"R": [[0.9945950271871689, -0.05995163163693392, 0.08477342601679025], [0.061772747609482044, 0.9979089508935847, -0.019022444092186862], [-0.08345573405902111, 0.0241563157483613, 0.996218657154209]], "T": [[0.12642012352134877, 0.012939743061884104, 0.1804513087790164]]}, {"R": [[0.9914786555497404, -0.07306520533530154, 0.10784967018303622], [0.07519108603367879, 0.9970443900335836, -0.015772916142399215], [-0.10637845726628764, 0.023747843520401282, 0.9940420834943434]], "T": [[0.13424413702398538, 0.015805132914015595, 0.16847462616122566]]}, {"R": [[0.9903253419853963, -0.08377892687549225, 0.11062010862903152], [0.08554573970144085, 0.9962699904007005, -0.011315151166529822], [-0.10925952333980384, 0.020668759967134315, 0.9937983492243182]], "T": [[0.13590309562515124, 0.01692943445587887, 0.16651977452487216]]}, {"R": [[0.9892123712460417, -0.09073989527763329, 0.11500067816664206], [0.09395550427896103, 0.9953142472944978, -0.02284540103113569], [-0.11238882413064734, 0.03340390003564589, 0.9931026793201894]], "T": [[0.15759968938282437, 0.01381492274403532, 0.1748632153136399]]}, {"R": [[0.9877190579399986, -0.10149509224236306, 0.11878471632679033], [0.10348309690492934, 0.9945739410708041, -0.010673537269984896], [-0.11705687180634393, 0.022834666487666695, 0.9928626625920174]], "T": [[0.17733877438545662, 0.015763968016832632, 0.17218784049297198]]}, {"R": [[0.9851968944113613, -0.11126997118453555, 0.13040733397628304], [0.11338778936919885, 0.9935108945691269, -0.00890570572270583], [-0.12857016941800842, 0.023560472937652798, 0.991420503949146]], "T": [[0.19174060672184826, 0.01625777284641053, 0.1685514380001302]]}, {"R": [[0.9821695338625125, -0.12414245541656134, 0.14117952229499164], [0.12708425666111164, 0.9918195727901289, -0.01198026457549805], [-0.13853735402839074, 0.029708345520296296, 0.9899115191496961]], "T": [[0.20264518382001853, 0.012085946929341819, 0.16101386302243278]]}, {"R": [[0.980531582016698, -0.13286539919047244, 0.1445842396867233], [0.13491919853876747, 0.9908466143920628, -0.004449338539988694], [-0.14266964124679113, 0.023869906697412797, 0.9894824915180503]], "T": [[0.215703389995656, 0.010556637150530783, 0.15761812169413597]]}, {"R": [[0.9794114201664932, -0.13465575981650377, 0.15040311298538014], [0.13699794985717237, 0.9905572950085675, -0.0052732381172787895], [-0.14827282887429058, 0.025769587764453844, 0.9886106900919418]], "T": [[0.24203251319367663, 0.00796061390728519, 0.1559425046874503]]}, {"R": [[0.9780487895202273, -0.1385641716530987, 0.15562948195026743], [0.14135710672203342, 0.9899341326027802, -0.006970042120168617], [-0.15309713810908968, 0.02881637454767462, 0.9877909104971226]], "T": [[0.2516339433691465, 0.0050752410423587115, 0.15778381797879568]]}, {"R": [[0.9771345837267518, -0.14180091395486644, 0.15843139236499862], [0.14445580306897435, 0.9894970090342227, -0.0053094323637478315], [-0.15601450652053253, 0.028074363997997717, 0.9873557129227858]], "T": [[0.25761762731011595, 0.0036857208248745983, 0.1601218443444518]]}, {"R": [[0.9748804265899427, -0.15422962553208408, 0.16069031227813432], [0.15537592024047198, 0.9878401922765325, 0.005484335191221226], [-0.15958219594064274, 0.019620834113163996, 0.986989638044628]], "T": [[0.26687516233405306, 0.003356362573958409, 0.15759949792589312]]}, {"R": [[0.9738576683540501, -0.15445367185451345, 0.16656921996176638], [0.15527865070175023, 0.9878371782292593, 0.008139406876326008], [-0.16580042950564655, 0.017938019921742366, 0.9859961688652904]], "T": [[0.27561001157118614, 0.0033170972056860027, 0.15491955962042447]]}, {"R": [[0.9713360818105466, -0.1638374316495108, 0.17223098491103994], [0.16387756232079143, 0.9863801344233345, 0.01408456541039983], [-0.1721928010711543, 0.014543947383588078, 0.9849558938621431]], "T": [[0.2931527752515512, 0.005604674681887124, 0.1484014551601475]]}, {"R": [[0.9693284065872898, -0.16857987008726322, 0.17883866356106298], [0.16865587160312026, 0.9855625081462028, 0.01489092039994914], [-0.17876699123925938, 0.01572799853532742, 0.9837657205378398]], "T": [[0.30386933822604106, 0.005429129113881435, 0.14736077984812412]]}, {"R": [[0.965518807797843, -0.1766335895260478, 0.19124331841864595], [0.17643501754538118, 0.984143927367967, 0.018204801798286898], [-0.19142652995965054, 0.01616493971215267, 0.9813738219209382]], "T": [[0.33152565040228116, -0.0020425011074879837, 0.1498896406618583]]}, {"R": [[0.9631558382004757, -0.1849727816544874, 0.1952329413478686], [0.18519253903690192, 0.9825501249466375, 0.01729090663940347], [-0.19502449801346633, 0.01950184643433356, 0.9806044682542738]], "T": [[0.3405623608631286, -0.0013266120840553397, 0.15165195133472328]]}, {"R": [[0.9598348059506874, -0.1938039118332299, 0.20287234667086568], [0.1937352599166165, 0.9808418733578277, 0.020392854948441452], [-0.20293790762360614, 0.019729754839956315, 0.978992820414587]], "T": [[0.3518211800437275, -0.0020297688296183904, 0.14859600908214915]]}, {"R": [[0.9585398785468683, -0.1976555739213183, 0.2052646470612736], [0.19717251829495094, 0.9800986138684555, 0.02301532364229013], [-0.20572870306445373, 0.018411441849197966, 0.9784358535665235]], "T": [[0.35925964353708306, -0.0024749860143212224, 0.14695856941553495]]}, {"R": [[0.9561789344068288, -0.2020020482086395, 0.21193635345578657], [0.20072154529577235, 0.97925462558125, 0.027771199682461032], [-0.21314949366747, 0.01598595625042158, 0.9768888076705868]], "T": [[0.3740941244051156, -0.005558297631008951, 0.14780495969050947]]}, {"R": [[0.9556897077551222, -0.20146826100264628, 0.21463392625467828], [0.20052437904349305, 0.9793330552662146, 0.0263958381598865], [-0.2155160223745571, 0.017813103926912797, 0.9763378193168276]], "T": [[0.38178859701757756, -0.006806212994488301, 0.15081651473159718]]}, {"R": [[0.9550073254065772, -0.20016514925147597, 0.21884908371960407], [0.19892840424219596, 0.9796166541161228, 0.02790521392116845], [-0.2199738584592028, 0.016885615282454153, 0.9753596144966755]], "T": [[0.4007576470484977, -0.013558541089262738, 0.15083070981892233]]}, {"R": [[0.9535174270407457, -0.20372727513161762, 0.22203538838897385], [0.2005069963571956, 0.9789858408714397, 0.03719768521098795], [-0.2249476844544345, 0.009051007716623613, 0.9743288041097327]], "T": [[0.4233811906148001, -0.01339180395472192, 0.14742476323440584]]}, {"R": [[0.9524302500496046, -0.2045096154779373, 0.2259478611704791], [0.20085365623276466, 0.9788323157986574, 0.039307840517737024], [-0.2292038995488041, 0.007944477660845547, 0.9733460112962492]], "T": [[0.43999979401652234, -0.01434898372369812, 0.1445343463142988]]}, {"R": [[0.948618138541937, -0.2126896734724718, 0.2342791711343625], [0.20891308134661482, 0.9770692824511769, 0.04112106190998941], [-0.23765300686398497, 0.009935798333088632, 0.9712992990010808]], "T": [[0.45956214083613517, -0.01995729229647706, 0.14504057073420135]]}, {"R": [[0.9476367439008981, -0.21782115723231332, 0.2335348904786594], [0.21415754438601556, 0.9759276089546906, 0.041253463642854635], [-0.23689902446286137, 0.010919960712217921, 0.9714729057810044]], "T": [[0.4677193397072172, -0.022904331073072232, 0.15261850075799216]]}, {"R": [[0.9462822696404727, -0.21982494816824633, 0.2371220325632005], [0.21607348243060975, 0.975471993532792, 0.04203141710042201], [-0.240545455900511, 0.011462198566962465, 0.9705701940867681]], "T": [[0.48274199254258093, -0.025471473326664027, 0.1581231926824601]]}, {"R": [[0.9418032280310575, -0.22803250985013024, 0.24699768039746875], [0.2254182820510976, 0.9734728984482851, 0.039206046776314396], [-0.24938580109423167, 0.018753411373533885, 0.9682226147815611]], "T": [[0.49478873621976155, -0.024574005516062432, 0.16040714698094558]]}, {"R": [[0.9403896030926086, -0.2321790737689988, 0.2485161405202809], [0.2289976744976078, 0.9725180981742255, 0.04205489030154669], [-0.2514507098220521, 0.01736163665549032, 0.9677143763025478]], "T": [[0.5016367781718397, -0.022588739466258844, 0.1592917019732871]]}, {"R": [[0.9363557454865747, -0.24512526796377912, 0.25129966354925054], [0.23850802739920424, 0.969468907199493, 0.0569557621278249], [-0.2575885066543565, 0.006606131932259911, 0.9662321254545784]], "T": [[0.5099198102175764, -0.024281018957929987, 0.15575791957421162]]}, {"R": [[0.9314020152283866, -0.25305730116097086, 0.261633882281378], [0.24516376618566343, 0.967435608671065, 0.06295292546742605], [-0.26904463157283326, 0.005508666296996111, 0.963111956533334]], "T": [[0.5249861616486096, -0.028146552456283943, 0.15203462642630036]]}, {"R": [[0.9320998501246682, -0.2511299573635043, 0.26100500744655375], [0.244092151220856, 0.9679189952641497, 0.059597318053866644], [-0.26759837650842694, 0.00815862252120354, 0.9634960019473929]], "T": [[0.5382030068360407, -0.03031034057542399, 0.15535389699890614]]}, {"R": [[0.9334454375692774, -0.24825767128765103, 0.2589357907434442], [0.24063514986372822, 0.9686804721446662, 0.06126065242590383], [-0.2660344709453291, 0.005125576301154504, 0.9639498891210164]], "T": [[0.5484447040053376, -0.03172202078221465, 0.15842043064171918]]}, {"R": [[0.9345305693144439, -0.25041284855499457, 0.25287550354946353], [0.23976556825300124, 0.9681122324722373, 0.07260287609961576], [-0.2629925612962024, -0.007218768329439009, 0.9647708547041982]], "T": [[0.5674047729720056, -0.03588690210819219, 0.16133833925020005]]}, {"R": [[0.9342635657490699, -0.25069399494804373, 0.25358255186590356], [0.2396528024217899, 0.9680297646930388, 0.07406017121045888], [-0.26404189820029694, -0.008419950435137264, 0.9644744581529642]], "T": [[0.5827496592973783, -0.03570190482221044, 0.16079019356482738]]}, {"R": [[0.9336976767429667, -0.2538056491803073, 0.2525694773501923], [0.23973024752259003, 0.967061869972541, 0.08556137018520688], [-0.26596627016887736, -0.019339909239059826, 0.9637883123606972]], "T": [[0.6105259073475523, -0.035462554935132055, 0.15110410917110367]]}, {"R": [[0.933011098550814, -0.2578537969037957, 0.25100141315000474], [0.24228232125443433, 0.9658685760118761, 0.09163607739506148], [-0.2660630879858504, -0.02468427222112731, 0.9636395176186721]], "T": [[0.6147417469340983, -0.03314351344097111, 0.14823284775927312]]}, {"R": [[0.9316663224344236, -0.26163105084694677, 0.25208541583010885], [0.24809313645162628, 0.9650297230704136, 0.08466067113031688], [-0.2654197793818525, -0.016334834659808315, 0.9639945611306764]], "T": [[0.6281526774267328, -0.03500970448515253, 0.14658065243490423]]}, {"R": [[0.9337192645079659, -0.26127200922576993, 0.24475553575319248], [0.2489191596939821, 0.965157610782007, 0.08068480827770269], [-0.2573083500859328, -0.014412617551887753, 0.9662218634616783]], "T": [[0.6420334531725352, -0.04529042750003394, 0.16083238183966347]]}, {"R": [[0.9333278911976153, -0.261836068611122, 0.24564388998483996], [0.24986061674024737, 0.9650297292190027, 0.07929245818917245], [-0.2578152821591373, -0.012629128939489817, 0.9661116837029942]], "T": [[0.6476867346913745, -0.04528988142466763, 0.16584243968823945]]}, {"R": [[0.9333884284993984, -0.2649986715988538, 0.24199534209208676], [0.25220462934202975, 0.9641088315408519, 0.0829878658803952], [-0.2553015207198591, -0.01642756816378844, 0.9667219189210263]], "T": [[0.6607530403121058, -0.053144402909610367, 0.17242274778129396]]}, {"R": [[0.9356810640681608, -0.2596808118274291, 0.23888663067011895], [0.24785793459822708, 0.9655850956074551, 0.07881540076306608], [-0.2511322173696068, -0.014536131169919047, 0.9678436393806777]], "T": [[0.6756292032111016, -0.054466657550107433, 0.17631388261076572]]}, {"R": [[0.9397982296076182, -0.25179119217858675, 0.2310421675098996], [0.2407475022518907, 0.9676632469197306, 0.07528931345310748], [-0.242528199980667, -0.015133938748732145, 0.970026306917543]], "T": [[0.6943389961521084, -0.0551165433886649, 0.17974780696035955]]}, {"R": [[0.941044022488598, -0.25113625630320646, 0.2266422919679584], [0.24100040195707068, 0.9678651042360713, 0.07180491806714358], [-0.2373919838474111, -0.01295070546761929, 0.9713276096317254]], "T": [[0.7021249559590957, -0.05520674327155862, 0.18692729434390187]]}, {"R": [[0.9417445117492069, -0.25189142025851935, 0.2228631575438027], [0.24197029826795016, 0.9676662098490408, 0.0712213526444939], [-0.23359719464575565, -0.013146053268495873, 0.972244584421582]], "T": [[0.7068252436436172, -0.05492216953561323, 0.1895837441132232]]}, {"R": [[0.9456606448025205, -0.248130259053922, 0.21013643047676092], [0.23765801898743869, 0.9685171221739176, 0.07411646286027802], [-0.22191126803893318, -0.020148414274733906, 0.9748586720748635]], "T": [[0.7212394232389163, -0.05651208764658419, 0.18981407470547734]]}, {"R": [[0.9490502936340153, -0.23870684253075955, 0.2057245330100049], [0.22872721818736153, 0.9708717200976623, 0.07135799026652538], [-0.21676577177557474, -0.020667521467306632, 0.976004843093997]], "T": [[0.7357925103642284, -0.059615771746443835, 0.19417046551193204]]}, {"R": [[0.9487073919921362, -0.23833995594338897, 0.2077218086296738], [0.22923897098372098, 0.9710477538314279, 0.06719935982777883], [-0.21772408815242322, -0.016134595744609383, 0.9758769882820036]], "T": [[0.7603155046644804, -0.058968306748824424, 0.2055551994323687]]}, {"R": [[0.9484457377235973, -0.23805501472131713, 0.20923788509726132], [0.22823772427988723, 0.9710685061366943, 0.07023886107410245], [-0.21990503361560285, -0.018861769680556858, 0.975338920496377]], "T": [[0.7727703795150632, -0.06048512607860241, 0.20824189510845417]]}, {"R": [[0.9486758961281876, -0.2356137492422629, 0.21095071764131126], [0.22540484979578146, 0.9716340831736823, 0.07155321169436757], [-0.22182582760788108, -0.020331492400752, 0.9748743163212562]], "T": [[0.7845144699275322, -0.06646543583139221, 0.20980136966597823]]}, {"R": [[0.9494861836870274, -0.23404945426608229, 0.20903789117093916], [0.22438516428413105, 0.9720437707163558, 0.06915349492767595], [-0.21937931770480978, -0.01875528643549973, 0.9754593554803268]], "T": [[0.7890492910835605, -0.07588615790287749, 0.2203877104447365]]}, {"R": [[0.9486573346054903, -0.23732616549356667, 0.20910655817388224], [0.22792568409965128, 0.9712785758595871, 0.06832137735641987], [-0.21931517053526636, -0.017152820418011566, 0.9755032735592405]], "T": [[0.7940408644678155, -0.08304283105341696, 0.23582898889757709]]}, {"R": [[0.9422210116434074, -0.2445292030186271, 0.22896513727803391], [0.2357854279808963, 0.9696130773159672, 0.06523582029625867], [-0.23795965449953785, -0.007479917709122459, 0.9712462373989025]], "T": [[0.8019859101601912, -0.09278644237925499, 0.24510178798244212]]}, {"R": [[0.9413290876357147, -0.24779617874168292, 0.2291213708319963], [0.23891773515722817, 0.9687828103360845, 0.06616783376126824], [-0.23836498190433472, -0.007544547590026373, 0.9711463407764085]], "T": [[0.8090748113760928, -0.09652768847819503, 0.24795974784666144]]}, {"R": [[0.9413508245705937, -0.24578003372093912, 0.23119429081272158], [0.23687784478974552, 0.9692979588525136, 0.06595721046342165], [-0.2403071195949643, -0.0073240691207070155, 0.9706692775005742]], "T": [[0.8263227875222309, -0.10352660110484738, 0.25595035838380603]]}, {"R": [[0.9412322346703511, -0.24179494835512713, 0.23583274447667044], [0.23232176430964446, 0.9702871348412505, 0.06759788302610459], [-0.2451703045752302, -0.008836227220839809, 0.9694397572015451]], "T": [[0.8370376114905423, -0.11213965553793168, 0.2565295898361981]]}, {"R": [[0.9397050886905014, -0.24368317737742382, 0.2399434419866897], [0.23182334891817197, 0.9697118012612539, 0.07692176149190738], [-0.25142052657955444, -0.016659278432674916, 0.9677345644630878]], "T": [[0.8445658550591372, -0.12634376779632828, 0.25187074412327376]]}, {"R": [[0.9351730447295129, -0.2558335685159362, 0.2449501207016118], [0.24342799212118701, 0.9665988334633394, 0.08018421165764977], [-0.25728231393389583, -0.015358397302884243, 0.9662142260229389]], "T": [[0.8418081763634636, -0.13415871443748498, 0.2507242234062506]]}, {"R": [[0.9330540263652429, -0.26467109209086026, 0.2436378396206962], [0.2534708628408362, 0.9642876664487311, 0.07682329090570582], [-0.25526986812847835, -0.00992518746886206, 0.9668188998356296]], "T": [[0.8389573139556941, -0.14481298275583754, 0.24886281091364643]]}, {"R": [[0.9358113681348297, -0.2600845028069607, 0.2379351480325562], [0.2493206665335188, 0.9655266638185563, 0.07481621946269636], [-0.24919126892590018, -0.0106917189948332, 0.9683952698335713]], "T": [[0.8335054671953157, -0.14998862604898872, 0.2514165292408653]]}, {"R": [[0.9422636955319195, -0.24358208974722068, 0.2297975057238592], [0.2313499088763317, 0.9696431989415527, 0.0791788255110254], [-0.24210813234057874, -0.021443700724672658, 0.9700122782489856]], "T": [[0.8311442129673045, -0.16381410277481626, 0.25375258943303564]]}, {"R": [[0.9448309329392253, -0.23297545940684322, 0.23025408460082417], [0.21893869714926328, 0.972019707961235, 0.08510895502553534], [-0.24363980596728504, -0.030002044082458438, 0.9694016310586123]], "T": [[0.8335919605304618, -0.17365289335312348, 0.25779583657608346]]}, {"R": [[0.9452457129334693, -0.22994185249458324, 0.23159725096005926], [0.21563595674550112, 0.9727097066446713, 0.0856560608345371], [-0.24497280734675372, -0.031025329500214343, 0.9690334114931505]], "T": [[0.8312189841593999, -0.17516545890996954, 0.25880102725110415]]}, {"R": [[0.9488261473257082, -0.21789501520368837, 0.22858413002751957], [0.20305197138139178, 0.9753081737022742, 0.08685541564960116], [-0.2418653325079558, -0.03599623117659587, 0.9696419093004887]], "T": [[0.8191475668266271, -0.18610868643506034, 0.26036464691812206]]}, {"R": [[0.950285618891269, -0.21273944097824218, 0.2273745209576109], [0.1983475132002061, 0.976469644351656, 0.08464808129570688], [-0.24003230310883591, -0.035340683525019005, 0.970121399388887]], "T": [[0.814277283466774, -0.1928020250979831, 0.2625696821817095]]}, {"R": [[0.9533214881773249, -0.203058899007828, 0.22348428068456935], [0.18975948340753995, 0.9785911158318958, 0.07969169637916278], [-0.23488183973282023, -0.03356354493514948, 0.9714442906390011]], "T": [[0.8063734039186004, -0.19395727383648478, 0.26300746535321184]]}, {"R": [[0.9583199240149088, -0.18777051090262573, 0.21532570322984285], [0.17442572597598385, 0.9814506992618006, 0.07956249767493183], [-0.22627105284107915, -0.03868798461912247, 0.9732957672220198]], "T": [[0.7916299917561901, -0.1973627590609565, 0.26040528769711774]]}, {"R": [[0.9618717091535447, -0.1718194645115657, 0.2127930608478519], [0.15924855676982308, 0.9843853959474372, 0.07500192938942055], [-0.22235717280260428, -0.03825524618096188, 0.974214465014181]], "T": [[0.7888247826235313, -0.20406916291430197, 0.2640864034039313]]}, {"R": [[0.964380579671574, -0.16306984126485757, 0.2082746370112621], [0.15155616187426504, 0.985952536096032, 0.07020203959817946], [-0.2167967420194787, -0.03613617904063646, 0.9755477175484973]], "T": [[0.7837273413790444, -0.20837197733770282, 0.2683530156800794]]}, {"R": [[0.966150799188282, -0.16011170720338638, 0.20227919923773982], [0.14944075749355043, 0.9864933361536071, 0.06706979740747855], [-0.2102857418552148, -0.034570781607354946, 0.9770285399267815]], "T": [[0.7734643213017928, -0.21257827530657022, 0.2702327546120284]]}, {"R": [[0.9704038112357837, -0.14187001874801453, 0.19542093265436916], [0.13227697803504138, 0.9893115847511377, 0.06136276850916753], [-0.20203772969666497, -0.033696974012966036, 0.978797869695979]], "T": [[0.7560781483501262, -0.21729396475879625, 0.27222881640574975]]}, {"R": [[0.9717672892519211, -0.13758993062159697, 0.19166988947541286], [0.12650414736934582, 0.9895647249031024, 0.06898083738113099], [-0.19916083008043448, -0.042786285407725354, 0.9790323271183036]], "T": [[0.746623199416063, -0.22027594121608052, 0.26751698436816057]]}, {"R": [[0.9764090042002697, -0.11181452527317567, 0.18472403323490966], [0.10005263232563803, 0.9923851677740868, 0.07184114104542197], [-0.19135027379480893, -0.05166421120981021, 0.9801611510352365]], "T": [[0.7370407166908286, -0.22384290977676993, 0.264562708592534]]}, {"R": [[0.9815479457127462, -0.09333888715426117, 0.16688763408920415], [0.08418855893478502, 0.9945746207155957, 0.06110327628624503], [-0.1716855171864308, -0.04592576589707638, 0.9840807422235204]], "T": [[0.719070635089298, -0.21704018738641648, 0.2564010382246689]]}, {"R": [[0.9825062372738956, -0.08326848801748278, 0.16657686700491708], [0.07435110837875417, 0.9954803926998786, 0.05908214986733438], [-0.17074368626904557, -0.0456634060641312, 0.9842567992886206]], "T": [[0.7181023851654871, -0.21312540986039089, 0.25499365610491725]]}, {"R": [[0.9844323307781442, -0.06846841906144642, 0.1618797754814872], [0.06084163786453643, 0.9968119358766545, 0.05161646632419887], [-0.16489779022373569, -0.04096388757262561, 0.9854596281402228]], "T": [[0.6985274283486802, -0.2085709760756459, 0.2491702119313251]]}, {"R": [[0.9860036058867766, -0.057268938342309436, 0.15657955766771986], [0.050555942276793324, 0.9976368500517223, 0.046527541514493925], [-0.15887411960032885, -0.037960296627162625, 0.9865688166576106]], "T": [[0.689866974650903, -0.20891135181674636, 0.2503404249149587]]}, {"R": [[0.9878087726128408, -0.04397552368637743, 0.14933178518192963], [0.038667274749260974, 0.9985191302356105, 0.038267328323063725], [-0.15079347005947666, -0.03202654945555091, 0.9880463701251034]], "T": [[0.6842851287669927, -0.20942556386258349, 0.25300443229625547]]}, {"R": [[0.9886118102664183, -0.028284034524394864, 0.14780629889412122], [0.02441082345670742, 0.999311116014671, 0.027953624231540738], [-0.14849511877472918, -0.024027209586956994, 0.988621207996037]], "T": [[0.679803057409915, -0.2096417214073767, 0.2558825524294138]]}, {"R": [[0.9894856515567911, -0.02158001327739395, 0.143012056800048], [0.01821519200226183, 0.9995265707605496, 0.02479599007857513], [-0.14347944850588668, -0.0219302843256434, 0.9894102842025866]], "T": [[0.6637538695274497, -0.19727293784657945, 0.2533294646820784]]}, {"R": [[0.9903358721582578, -0.015443939697147977, 0.1378272289613842], [0.013256994835025815, 0.9997714627927172, 0.016771233504266295], [-0.1380547442302765, -0.014781979297150378, 0.9903142837925603]], "T": [[0.6427699034726585, -0.19063128829585155, 0.24677069728589077]]}, {"R": [[0.9912066338887766, -0.007602695758280565, 0.13210453418443918], [0.0061525082412731275, 0.9999162915335931, 0.011382291862695964], [-0.1321800120185412, -0.010469428967883167, 0.9911704371498702]], "T": [[0.6290770708134082, -0.18641778955800592, 0.24398243074356415]]}, {"R": [[0.9917908314924829, -0.004523264748295986, 0.12779079248312888], [0.0035309202866426865, 0.9999618386863489, 0.007990855582830702], [-0.12782206057398177, -0.007474038201207183, 0.9917689547387477]], "T": [[0.6115264144330644, -0.18359467622290251, 0.23700079592676057]]}, {"R": [[0.9928109815126007, 0.007864269187250042, 0.1194341168097991], [-0.008522445629484336, 0.9999511776692497, 0.005001019733319935], [-0.11938895639245176, -0.005982938076818248, 0.9928295329730528]], "T": [[0.5892631884571268, -0.18371203620022322, 0.23770233174375496]]}, {"R": [[0.9936352752288458, 0.029955592044849353, 0.1085891446054278], [-0.0302147764175887, 0.9995431540917781, 0.000741885634758546], [-0.10851731247561874, -0.004018160462511834, 0.9940864385351842]], "T": [[0.5692938417460182, -0.18614670269462358, 0.2443779482136621]]}, {"R": [[0.9937020073653485, 0.041105310206693585, 0.10424334046301646], [-0.04153159171032149, 0.9991353443932883, 0.0019210606737783396], [-0.10407424007930123, -0.006238353702434175, 0.9945499663139099]], "T": [[0.5570818520765718, -0.18912127028953962, 0.2436332823122253]]}, {"R": [[0.9940494622283834, 0.05164685860569084, 0.09590760470174123], [-0.051964295363289136, 0.9986486120271825, 0.0008134516450469119], [-0.09573598409615125, -0.005792382268614535, 0.9953899083559145]], "T": [[0.5351420543722384, -0.19407404387471924, 0.244316103730342]]}, {"R": [[0.9937747661471753, 0.0709112298189376, 0.0859261988842341], [-0.07085985013404462, 0.9974795972643166, -0.0036516681664219577], [-0.08596857453807104, -0.0024597818973918334, 0.9962948126257154]], "T": [[0.5120786141107917, -0.19714982722650054, 0.24873835367036104]]}, {"R": [[0.9939906881014201, 0.07417902458367283, 0.08049834954507018], [-0.07396895038080814, 0.9972448626400374, -0.005592702174662912], [-0.08069142672692671, -0.00039528454029669945, 0.9967390518099034]], "T": [[0.48261975355476994, -0.18561102877502414, 0.24144107794658648]]}, {"R": [[0.9936106535644278, 0.0804328881243201, 0.07917335177476859], [-0.07990241791304192, 0.996754015750317, -0.009850669889221004], [-0.07970867415106239, 0.0034615883055924748, 0.9968121912735028]], "T": [[0.470802380959049, -0.18091007947095541, 0.23291873365461396]]}, {"R": [[0.9934556090230234, 0.08841946135498434, 0.07230457630321895], [-0.08763222620342455, 0.996054587014539, -0.013994735364701793], [-0.07325671185171645, 0.007566937358709402, 0.9972844106009499]], "T": [[0.4487454894120588, -0.17315289769347889, 0.2303414286104344]]}, {"R": [[0.9934777836215126, 0.09111057017805907, 0.0685620700702372], [-0.09030184491419245, 0.995804314600351, -0.014810260916620344], [-0.06962377651047288, 0.008522383771821778, 0.9975369159681589]], "T": [[0.44053814026728394, -0.17153810362538327, 0.2301734997775034]]}, {"R": [[0.992628393124301, 0.1031820889425386, 0.06357931805958733], [-0.1024809009224245, 0.9946335924300318, -0.014201470200562281], [-0.06470346288720819, 0.007581116750406861, 0.9978757380351625]], "T": [[0.4155455955009943, -0.1628960365954607, 0.22823515960163923]]}, {"R": [[0.9932445407874076, 0.09824942301798543, 0.06174409342313279], [-0.09744729600751441, 0.9951140176749073, -0.0158781714226847], [-0.06300243405484793, 0.009754112134748548, 0.9979657061240267]], "T": [[0.38442405368241034, -0.15275555219158102, 0.22815030162865416]]}, {"R": [[0.9934855670230843, 0.09663745657925958, 0.060395613273750835], [-0.09583586600699807, 0.9952679416774217, -0.016037800842914413], [-0.06165966999189551, 0.01014525776311248, 0.9980456697172783]], "T": [[0.36938916798216365, -0.14871403582146828, 0.22434394230500654]]}, {"R": [[0.9935744513378556, 0.09635908724666625, 0.059369486722294675], [-0.0955472630796219, 0.995290263531908, -0.01637106705681702], [-0.06066737316443562, 0.010593282002035048, 0.9981018245698945]], "T": [[0.35383472930364374, -0.1439501462338245, 0.21827972443917043]]}, {"R": [[0.9939354096684566, 0.08528498583458496, 0.06941809993360436], [-0.0839843994330197, 0.9962362056683718, -0.02144861691020249], [-0.07098606947191992, 0.015488502402758803, 0.9973570495235131]], "T": [[0.32075775585212957, -0.12107856804157367, 0.20206907271613053]]}, {"R": [[0.9939923973694199, 0.0833781190921683, 0.0709027730659767], [-0.08216658306786051, 0.9964210961096891, -0.019840661645169556], [-0.0723032959051354, 0.013895628241210382, 0.9972858892599636]], "T": [[0.31594883848452826, -0.11527432173982324, 0.20118822428713334]]}, {"R": [[0.9939042851377142, 0.07585147997861055, 0.08000515589600228], [-0.07366000156312555, 0.9968320685109102, -0.030000522628454318], [-0.08202728908484985, 0.02392446808843409, 0.9963428845894751]], "T": [[0.2881413207935204, -0.11130921093051391, 0.20303438880535074]]}, {"R": [[0.9939710374536441, 0.06864872937756432, 0.08549227250560258], [-0.06584594450900376, 0.9972092126450701, -0.0351866140388151], [-0.08766919809741316, 0.029345155829289444, 0.9957173160763607]], "T": [[0.2748383171347028, -0.10200695963947168, 0.20580843535840485]]}, {"R": [[0.9939883991669047, 0.06612564695370467, 0.08726087976045177], [-0.06296385812516057, 0.9972727482285104, -0.038504781660837956], [-0.08956905096967738, 0.032779024630213746, 0.9954410683976642]], "T": [[0.26968439970400876, -0.09134892046169656, 0.20470020517800305]]}, {"R": [[0.9938639496135253, 0.06154499460286391, 0.09190573049564218], [-0.05792210427638639, 0.9974547305153699, -0.04158233289158073], [-0.0942309900977358, 0.036003808296404795, 0.9948991136257768]], "T": [[0.27035944802457784, -0.08188753925684628, 0.20290994004063465]]}, {"R": [[0.9938951272419849, 0.04505709509816851, 0.10070915661424804], [-0.04114310402183747, 0.9983276325464234, -0.04061013525835276], [-0.1023705086247343, 0.036218728243383194, 0.9940867581294628]], "T": [[0.26454577070623214, -0.057401702043576135, 0.18991932984427978]]}, {"R": [[0.9936687160724492, 0.04460183010579396, 0.10311721219148723], [-0.040562923273303096, 0.9983379129065708, -0.04093972287249217], [-0.10477180896813053, 0.03649778629679099, 0.993826332736751]], "T": [[0.2652374374985291, -0.05323995177878702, 0.18874737389618984]]}, {"R": [[0.9937082178449232, 0.03960612470151128, 0.10476322195119278], [-0.03520582559819969, 0.9984318823881376, -0.043523856387380974], [-0.10632275218134495, 0.03956173804332356, 0.9935443328063301]], "T": [[0.2569282885272183, -0.04680872056562319, 0.18820022707527975]]}, {"R": [[0.9922998357692447, 0.010106535457578034, 0.1234459147698887], [-0.004200004869962398, 0.9988378350176005, -0.04801394897782325], [-0.12378770492832557, 0.047125760242116406, 0.9911890671462132]], "T": [[0.25643928352121687, -0.012693123273919632, 0.18634819359210641]]}, {"R": [[0.9911157482293464, -0.003404550602830831, 0.13295857492834173], [0.011639466924249425, 0.9980571670575307, -0.061207957773606714], [-0.132491873039451, 0.06221173780155223, 0.98922980305802]], "T": [[0.25955991801349376, 0.004082935640311689, 0.19037037707502907]]}, {"R": [[0.9910684844446894, -0.015439416850534241, 0.13245710078293965], [0.023126856470380763, 0.9981235677361223, -0.05669649053965203], [-0.13133319325404677, 0.059253421310755415, 0.9895658767422537]], "T": [[0.2626940305849352, 0.012366142173109697, 0.19126376170139806]]}, {"R": [[0.9896293645156188, -0.024186847343907452, 0.14159349315549424], [0.03218455209705813, 0.9979966619738083, -0.054468498193432004], [-0.1399924122755381, 0.058460748410353695, 0.9884252452262524]], "T": [[0.26771194056990427, 0.02317633426483542, 0.1870898491461932]]}, {"R": [[0.9875329326841473, -0.03451076756852177, 0.15358292153126588], [0.04321788988947291, 0.9976203668227014, -0.053719807278509696], [-0.1513635387329092, 0.05968760861661568, 0.9866744491066346]], "T": [[0.2792440408190052, 0.03796029853063352, 0.18033132859181975]]}, {"R": [[0.9835784659734871, -0.0645174795038685, 0.1685553206271157], [0.07036462989226847, 0.9971013298738893, -0.028944029157072202], [-0.1661993385467161, 0.040329056549704624, 0.9852671450243556]], "T": [[0.2921079648183487, 0.05702359707254705, 0.17499035588293096]]}, {"R": [[0.9787448695581564, -0.09399290145165841, 0.1822740101887436], [0.09876569970410075, 0.9949609132132374, -0.017266086407751673], [-0.17973262607425167, 0.034901513643098424, 0.9830961638974459]], "T": [[0.31781515337659266, 0.06815449535141212, 0.17616814107311535]]}, {"R": [[0.9783393392440947, -0.09690259965308246, 0.18292627877891887], [0.101634348684125, 0.9946824950218855, -0.016649122036624605], [-0.1803402241735937, 0.034880084253211666, 0.9829856475389185]], "T": [[0.3231790530038348, 0.07050291557154036, 0.17641387555690352]]}, {"R": [[0.9785428233616097, -0.10238161848745564, 0.17880701061026263], [0.10703476824661073, 0.9941175744133195, -0.016547103340840433], [-0.17606107245465655, 0.035330616163141065, 0.9837450108273226]], "T": [[0.3450258505902796, 0.07438613277487818, 0.1693423141741589]]}, {"R": [[0.9759867769663423, -0.11697214646492715, 0.18375888587559175], [0.12152526139188047, 0.9924941353897679, -0.013674869672217005], [-0.18078003769909512, 0.03567783861593391, 0.9828762230317758]], "T": [[0.3684458339664192, 0.08405003306320113, 0.17089546350004314]]}, {"R": [[0.9743926020357856, -0.12488810227822407, 0.18698133331237868], [0.13099580006245123, 0.9911683882370512, -0.020623446015745804], [-0.18275436373430134, 0.04458910258022605, 0.9821469617461334]], "T": [[0.3750625578455817, 0.09213813134811959, 0.1760541239137565]]}, {"R": [[0.9738518576234667, -0.1238564554369518, 0.1904524556153517], [0.12988312586821998, 0.9913386348150774, -0.01944440119105404], [-0.1863945627372839, 0.04367252648488423, 0.9815038346396838]], "T": [[0.38106461908361244, 0.09374632072589219, 0.17595696646942102]]}, {"R": [[0.9744686705326083, -0.12365983586503541, 0.18740078746964522], [0.12974803218340067, 0.9913344599977842, -0.0205289202209151], [-0.1832382555443755, 0.04431967299895133, 0.9820689936508128]], "T": [[0.383598552993923, 0.09298212162558997, 0.17713622122523137]]}, {"R": [[0.9749144663131001, -0.12458294609123617, 0.18444748010388018], [0.13052679858924193, 0.9912350225509241, -0.020393256692164102], [-0.18029015010112617, 0.04395702005023964, 0.982630776113193]], "T": [[0.38597329687318976, 0.09395470296473439, 0.17639676566971005]]}, {"R": [[0.9769875017653528, -0.12426500196717838, 0.1733598300656531], [0.13188223842777533, 0.9907129631514296, -0.033089270632538664], [-0.16763799265552656, 0.05519088629303866, 0.9843025294535286]], "T": [[0.4010584909585413, 0.09995287873128224, 0.1864112210917955]]}, {"R": [[0.9781647488365736, -0.12103428376082268, 0.16895095823341072], [0.12853564897926545, 0.9911166710448901, -0.03415159320403872], [-0.1633165976714005, 0.05512210565099759, 0.9850326098123037]], "T": [[0.4074639181295486, 0.09701529638121388, 0.18865672009131973]]}, {"R": [[0.9808061370100339, -0.10910365888112573, 0.1616035680986201], [0.11764514250665095, 0.992069978244457, -0.04423549152696726], [-0.15549579430982746, 0.06239831636185031, 0.9858638385026414]], "T": [[0.4258327615467386, 0.09186597592522154, 0.19959377868348718]]}, {"R": [[0.9831646139277579, -0.09766752123761646, 0.15442926282146963], [0.10509372505286858, 0.9936307842735324, -0.04065923632432056], [-0.1494745827048695, 0.05620426887047482, 0.987166870030564]], "T": [[0.4471024264703925, 0.08736235135392706, 0.20229234228879828]]}, {"R": [[0.9844046876574825, -0.09079496852143631, 0.15067741904202436], [0.09721171987680015, 0.9946208763000349, -0.035765820929279685], [-0.14661954998078858, 0.04985565283237348, 0.9879357881178761]], "T": [[0.4672027702031101, 0.09104132385536393, 0.1983954670432591]]}, {"R": [[0.9860279374652927, -0.0904300519075596, 0.13989750623201588], [0.09487032256851384, 0.9951658194676529, -0.025389242978492193], [-0.13692526587042647, 0.038306624430649826, 0.9898404286000053]], "T": [[0.48229877491924505, 0.08593559132227796, 0.1951589540802285]]}, {"R": [[0.9889812563015311, -0.07549688092185936, 0.12734321990320377], [0.07852513571391698, 0.9967325271350272, -0.018922801381749156], [-0.12549851690500588, 0.02871393950841292, 0.9916781897029656]], "T": [[0.508973620555836, 0.05401381019273419, 0.2051491351262861]]}, {"R": [[0.9892194456724486, -0.07549758007983082, 0.1254790966877872], [0.07831750172377952, 0.9967715571535021, -0.01768705101277673], [-0.12373866504548733, 0.027323584169583373, 0.9919385890874941]], "T": [[0.510572286445377, 0.05121394052296478, 0.20811747047885837]]}, {"R": [[0.9896984016215272, -0.06785449785481452, 0.12606681144799886], [0.07117245387463508, 0.9972214092379739, -0.02199869920910121], [-0.12422381268201868, 0.030744561767905222, 0.9917778059043478]], "T": [[0.5351372412904657, 0.04167869643175207, 0.21700910032380538]]}, {"R": [[0.9903489551915166, -0.06646810691980544, 0.12161799913486813], [0.06953417559069006, 0.9973555955099312, -0.02113798784069924], [-0.11989138991601757, 0.029390591479719792, 0.9923518769854157]], "T": [[0.537281694325011, 0.03944252643143375, 0.21859177424346032]]}, {"R": [[0.9922793416625715, -0.05719579211973728, 0.11004703300629946], [0.05989315828735199, 0.997976212914899, -0.02136089994364512], [-0.10860256764948038, 0.027787044100300015, 0.9936968161769001]], "T": [[0.5488314725420055, 0.026976340977078777, 0.2208797476477544]]}, {"R": [[0.9927203992509775, -0.05532646414643352, 0.10698220074401645], [0.05784097264016306, 0.9981144188010439, -0.020543341147300033], [-0.10564388669023653, 0.02658174837191582, 0.9940486808293005]], "T": [[0.5488748711677014, 0.02386039060203145, 0.22111544636520566]]}, {"R": [[0.9946845074632514, -0.03362986299697798, 0.09732298252413621], [0.0347386047239166, 0.9993491639698595, -0.009719969885675242], [-0.09693275996495875, 0.01304916807874913, 0.9952053854647432]], "T": [[0.5764164046992036, 0.005085847687886033, 0.2354598081704754]]}, {"R": [[0.9948504244533083, -0.025468375039624142, 0.09810196143764628], [0.024857891708535237, 0.9996633063006156, 0.007440380092991563], [-0.09825842551597865, -0.0049634573597946855, 0.9951485546922924]], "T": [[0.5892393954740115, -0.009596455958613062, 0.23496589925814526]]}, {"R": [[0.9951318377075166, -0.026879798564111122, 0.09481614846646026], [0.0255995538091862, 0.9995642909525089, 0.014693233047183875], [-0.095169787357289, -0.01219445290946198, 0.995386360612103]], "T": [[0.5921617822128002, -0.014442062156541993, 0.2361251405247527]]}, {"R": [[0.995381830144294, -0.020285121308200673, 0.09382710734168097], [0.018229146180659673, 0.9995757079122795, 0.02271788681170762