{"intrinsic": [[3084.4514257119413, 0.0, 1134.5947947726308], [0.0, 3084.4514257119413, 1989.1678104222074], [0.0, 0.0, 1.0]], "poses": [{"R": [[0.9879901593638857, 0.04667146770684014, 0.14729975934200737], [-0.04454584337526491, 0.9988505570413769, -0.017698376652036944], [-0.14795645588520387, 0.010924229960064797, 0.9889335409225786]], "T": [[0.36044982800823927, -0.031164415820944643, 0.1616225250021189]]}, {"R": [[0.9878330234346218, 0.02976692208769934, 0.15264287786018335], [-0.027600435298883022, 0.9994862453736675, -0.016292982543449255], [-0.15304944881745305, 0.01188173633244768, 0.9881470996559165]], "T": [[0.3389675832107045, -0.01672380863440403, 0.16158892342296188]]}, {"R": [[0.98858729353429, 0.027179934512249686, 0.1481769692714], [-0.025066978697219636, 0.9995559762326538, -0.016108909229971602], [-0.14854901427320458, 0.012210714045302416, 0.9888296561192748]], "T": [[0.3241132459022209, -0.019719445299992137, 0.15439259041576847]]}, {"R": [[0.9882547691319795, 0.02631849983442902, 0.1505318831821448], [-0.025467128997279504, 0.9996469138879471, -0.007581087978589627], [-0.15067825532748133, 0.003658431462847212, 0.9885760867281274]], "T": [[0.3217200692470044, -0.006471036784716767, 0.1511645181895016]]}, {"R": [[0.9867700478044442, 0.029767097540961997, 0.15936998669762703], [-0.031012481612761756, 0.9995047728753578, 0.005332446305174867], [-0.15913233090806242, -0.01020435707755826, 0.9872045240761413]], "T": [[0.34020739032600994, -0.01980009148057997, 0.13445430357463828]]}, {"R": [[0.9876365557670265, 0.02218083585519635, 0.15518390455652958], [-0.02443325915706427, 0.999621778786319, 0.012622013430483492], [-0.1548452439037408, -0.01625761042836267, 0.9878049607809989]], "T": [[0.32271606980491907, -0.01096181597198167, 0.1275091207068811]]}, {"R": [[0.9872327764972277, 0.017783629964487683, 0.1582883050476595], [-0.01804591893232529, 0.999837134990238, 0.00021978262116711304], [-0.15825861688850523, -0.0030734345281458837, 0.9873929127661077]], "T": [[0.3213770451290132, -0.02948856403774058, 0.1347551386675638]]}, {"R": [[0.9868841905497865, 0.01694490183626973, 0.16053804765429247], [-0.01692095220026371, 0.9998556805752412, -0.0015163766213194866], [-0.16054057374859818, -0.0012199685161824497, 0.9870284878651124]], "T": [[0.3251400233421916, -0.028235736494688274, 0.13367570021110925]]}, {"R": [[0.9867102687661353, 0.017155921294627518, 0.16158131041674784], [-0.017793588768430214, 0.9998385558830256, 0.002500073696065089], [-0.1615123329972076, -0.005341959778799218, 0.986856235606545]], "T": [[0.32519690679951885, -0.022219771976613095, 0.12445673630873072]]}, {"R": [[0.9860085003618627, 0.02174126559002734, 0.16527115472669243], [-0.02159149280615225, 0.9997632226749016, -0.002702965981494401], [-0.1652907881660448, -0.000903303514403442, 0.9862444622862064]], "T": [[0.34807960294541657, -0.04191618481665195, 0.1255518345122113]]}, {"R": [[0.9858252282782098, 0.028975029016839928, 0.16525455208159578], [-0.028571850443464313, 0.9995801353396099, -0.004816886617258606], [-0.165324736964714, 2.698000187219784e-05, 0.986239185299199]], "T": [[0.36539565173789, -0.05497534716886523, 0.12995033804670378]]}, {"R": [[0.9858364007877316, 0.02864612561665523, 0.1652452431056515], [-0.029375055862253422, 0.9995665215278029, 0.0019685359782848993], [-0.16511722192121736, -0.006794742670853707, 0.9862505434711082]], "T": [[0.35740270447086975, -0.04499506836753513, 0.14078905548770088]]}, {"R": [[0.9850868885993306, 0.03476045125577853, 0.16850974137474853], [-0.035814143215920316, 0.9993532903749526, 0.003216855990751457], [-0.16828894513722387, -0.009203914669874424, 0.9856947392064899]], "T": [[0.3685570939792108, -0.04498660710166536, 0.1379539281852355]]}, {"R": [[0.985396176263383, 0.03904631973482137, 0.16574003958208114], [-0.04026277337909305, 0.9991811801310561, 0.003984764953413649], [-0.16544873793815268, -0.010599725801937373, 0.986161427418248]], "T": [[0.37383775192421265, -0.04752915134811601, 0.1367721917714188]]}, {"R": [[0.9855199570517587, 0.03277895547745998, 0.1663609158742115], [-0.03371780350527524, 0.9994274105988916, 0.00282146599733324], [-0.1661731746687155, -0.008389935720919152, 0.9860608931496672]], "T": [[0.36446058371563406, -0.043713401954502885, 0.12373694265090913]]}, {"R": [[0.9854852005067571, 0.03433023028816891, 0.16625388678319059], [-0.03561060211169506, 0.9993545685838474, 0.0047255970876490866], [-0.16598435046533513, -0.010577407005194992, 0.9860716575693915]], "T": [[0.36633324368532955, -0.044015529092760006, 0.12008583168687788]]}, {"R": [[0.9854877061964273, 0.04520951181046822, 0.1636156501608675], [-0.045836644189448814, 0.9989489469987562, 5.7788632061464795e-05], [-0.16344106884487178, -0.0075565423267034875, 0.9865241586919758]], "T": [[0.3764917523365942, -0.04468759196821768, 0.11921545282872965]]}, {"R": [[0.9865899845978217, 0.03880076365117928, 0.15853927914354607], [-0.036334589484427096, 0.9991697995862238, -0.018425775474147157], [-0.15912259392766337, 0.012418225916404011, 0.9871807270033289]], "T": [[0.36354747250439523, -0.055406909515807026, 0.11286189451697234]]}, {"R": [[0.9866734314127871, 0.04416237922221255, 0.15660531282670326], [-0.04383288717575519, 0.9990234131466744, -0.005558595740515639], [-0.15669785495007138, -0.0013799442751256628, 0.9876456236970039]], "T": [[0.3678261346710789, -0.047776247392830234, 0.110825360336167]]}, {"R": [[0.9900898046122888, 0.02924132569356323, 0.13735764876585016], [-0.02854238668246163, 0.9995676809902418, -0.007055726912162281], [-0.13750458525179637, 0.0030652881549917783, 0.9904963871934407]], "T": [[0.3040740932605253, -0.04610344727144713, 0.1115150316066194]]}, {"R": [[0.9964359624881431, 0.012858590720533766, 0.08336683576224804], [-0.01395191274676914, 0.9998239645223961, 0.012545281879058179], [-0.08319084559634178, -0.013663696842373504, 0.9964399563433641]], "T": [[0.1877639371111872, -0.016434320947211874, 0.13313771862397378]]}, {"R": [[0.9995481344266853, 0.0008792274052499274, 0.030045863663785262], [-0.0012534909951667462, 0.9999218364464755, 0.01243984557110567], [-0.030032577719169395, -0.0124718866526993, 0.999471108296215]], "T": [[0.047848601712631215, 0.001591218900071408, 0.16715591387006168]]}, {"R": [[0.9997849264199102, 0.020738791638335117, -5.8522785283287974e-05], [-0.02073417493121992, 0.9996144719692531, 0.0184662237491286], [0.00044146738978916033, -0.01846103873060861, 0.9998294830397485]], "T": [[-0.13211376703970926, -0.001352146796092204, 0.17205906820552844]]}, {"R": [[0.9925993485626161, 0.11951593560877362, -0.02150521724209616], [-0.1188795493988797, 0.9924916489667532, 0.028774632334306733], [0.024782775627229397, -0.02600515077469625, 0.9993545647893923]], "T": [[-0.29067457379795325, 0.03147537059589997, 0.21093149635280303]]}, {"R": [[0.9641277232208917, 0.2568234185954514, -0.06707805138676354], [-0.2541288951448558, 0.9660682556395294, 0.046158748878754985], [0.07665662378004016, -0.02745645837581088, 0.9966794394007046]], "T": [[-0.2935043151723465, 0.1011996677099678, 0.25608539662369884]]}, {"R": [[0.935833377127318, 0.34626784067094935, -0.06568464639135294], [-0.34155809813918914, 0.93700124123949, 0.07325803376555365], [0.08691349636287245, -0.0461221902421495, 0.9951476210679739]], "T": [[-0.3111505869675386, 0.1275307789561635, 0.2705980226697123]]}, {"R": [[0.9296294607059531, 0.36348700127607175, -0.0605496960429017], [-0.358848475241364, 0.9303392043253795, 0.07547672960699876], [0.08376656614966962, -0.04843722533907999, 0.9953074889685821]], "T": [[-0.36721582746233306, 0.11884268869918375, 0.27271109326922754]]}, {"R": [[0.9297815164463299, 0.3628308756335548, -0.06212960133262651], [-0.3576992768769803, 0.9303791873140792, 0.08028570940384716], [0.08693422223985578, -0.0524244551691428, 0.9948337134937526]], "T": [[-0.3751964292445776, 0.12692531289720677, 0.2682564559977208]]}, {"R": [[0.9567616878296621, 0.2852432772330778, -0.05695037747609454], [-0.28207281822443614, 0.9576542708610747, 0.05773406897549811], [0.07100702725970395, -0.03917359180464425, 0.9967062916350347]], "T": [[-0.2576309158796212, 0.12875466800230734, 0.21222151097610484]]}, {"R": [[0.9748116851687741, 0.22014130349878638, -0.03577687734096043], [-0.2188602358338316, 0.9750728470030713, 0.03651219259486856], [0.04292290331716305, -0.027762376180370002, 0.9986925827498896]], "T": [[-0.12421372781466673, 0.12715496657052158, 0.16793433030672766]]}, {"R": [[0.9832076316393578, 0.17961428839003646, -0.03227166702024816], [-0.17817697314526418, 0.9830598844146835, 0.042967777407971634], [0.039442608013628616, -0.03649617871407923, 0.998555110953999]], "T": [[-0.04666802936968787, 0.13485371524679515, 0.13866031458510597]]}, {"R": [[0.9962899297576321, 0.07805326881438335, 0.03625000815064848], [-0.07811638938199103, 0.9969441927242368, 0.00032604193111633616], [-0.03611378647350107, -0.003156552044446383, 0.9993426992807508]], "T": [[0.09952374276489921, 0.12198279631232126, 0.149372278466642]]}, {"R": [[0.9898650215156782, -0.09738329042750621, 0.10336214938398736], [0.09440084889149689, 0.9949746370648053, 0.03337590937073816], [-0.10609297294510374, -0.02328017060227291, 0.9940836558099114]], "T": [[0.2846057176606689, 0.08726698506979821, 0.16529789495720407]]}, {"R": [[0.9743664145096107, -0.17348346639543438, 0.14322561629509498], [0.16895588146787627, 0.9846727034997829, 0.04328483683510639], [-0.14853955834422874, -0.01797648101973857, 0.9887430635595117]], "T": [[0.3769816892557767, 0.05551026025991667, 0.1562849528207801]]}, {"R": [[0.9470259447772172, -0.2508663877097039, 0.20051911489008623], [0.24127224830976085, 0.9678316396007155, 0.07134156981272471], [-0.21196594564781432, -0.01918261987517107, 0.9770887702662192]], "T": [[0.5592543140292356, 0.04544689689913277, 0.1547076254354442]]}, {"R": [[0.9190017149755606, -0.31165659146107416, 0.24146638869797904], [0.3004655622814737, 0.9501880567979202, 0.08284384468064179], [-0.2552573089156434, -0.003581301084463593, 0.9668665267386632]], "T": [[0.7349139081649493, 0.028722617767203678, 0.22921295819241785]]}, {"R": [[0.9218907446290129, -0.303122584818251, 0.24131753674456924], [0.29395946521379235, 0.952947740011292, 0.07401646856336895], [-0.2523990645358764, 0.0027024767294491136, 0.9676194545589404]], "T": [[0.8429542811757778, 0.05004022412484273, 0.3073794292280541]]}, {"R": [[0.9474590131877849, -0.25216213360664436, 0.19681381227996564], [0.24419338990829514, 0.967601185644254, 0.06416801278619469], [-0.20661802112672567, -0.012735930071209538, 0.9783387907217506]], "T": [[0.7796312090704497, 0.03809596455357863, 0.24140198142075445]]}, {"R": [[0.9718412243833544, -0.1602836703018088, 0.1727245773584169], [0.15477173740933747, 0.9869244242066303, 0.04500989006547785], [-0.17768045443536487, -0.017009583739538495, 0.9839412229257649]], "T": [[0.6387576922912187, 0.03555905681002626, 0.17240250980051827]]}, {"R": [[0.9853690138779267, -0.09113620866440711, 0.14402117191413205], [0.0871992391194052, 0.9956298442011686, 0.03342911953601866], [-0.14643838016803903, -0.020381481944016698, 0.989009805819703]], "T": [[0.5581624001881549, 0.04806476063145898, 0.1587591146536928]]}, {"R": [[0.9876661127060522, -0.005758196392977213, 0.15646882432745435], [0.001542278852326481, 0.9996328325744719, 0.027052197971319386], [-0.1565671459408312, -0.02647722065167895, 0.9873123546266931]], "T": [[0.44345760777686416, 0.0860282050221637, 0.12177435517788551]]}, {"R": [[0.9886242708976145, 0.035506852242143075, 0.14615510403682344], [-0.038982962001851945, 0.9990194407734324, 0.02098774952920408], [-0.14526658137962162, -0.026446557443135347, 0.989039028518938]], "T": [[0.33332977979378825, 0.0713781314055471, 0.09840097476426461]]}, {"R": [[0.9914318572152244, 0.029566570834605437, 0.12723478450429046], [-0.03275822522922066, 0.9991971217092279, 0.023065356009088454], [-0.1264506669757128, -0.02703571447320379, 0.9916044064869421]], "T": [[0.21684437124241931, 0.06774722633542159, 0.11174093025482681]]}, {"R": [[0.9866509272367003, 0.15006404396048842, 0.06325132799541894], [-0.1515944108503459, 0.988238271466585, 0.020106054005513654], [-0.059490187274003486, -0.029426204630578722, 0.9977950772073108]], "T": [[0.3859237980100719, 0.10238884869926179, 0.15001800268769602]]}, {"R": [[0.9843631485720536, 0.1656918189810904, 0.059794756091573295], [-0.16711615643789962, 0.9857418252590945, 0.019627638479766594], [-0.05569005288861405, -0.029313393826142443, 0.9980177067325293]], "T": [[0.48465157906930845, 0.08771990231518674, 0.15196079191237047]]}, {"R": [[0.992586327294823, 0.043527620728373774, 0.1134800823981961], [-0.04534009591233531, 0.9988812112595146, 0.013438805578814206], [-0.11276816292746265, -0.01848437249277829, 0.993449379386546]], "T": [[0.2205869033585404, 0.05955941252875291, 0.11411460459761653]]}, {"R": [[0.9873346964348906, -0.032382806591181375, 0.1553111427203492], [0.030897601892852473, 0.9994509028235924, 0.011967917211318447], [-0.15561341655877023, -0.007017598049497664, 0.9877931048071364]], "T": [[0.02448920177519092, 0.06875182590455, 0.10167787877202508]]}, {"R": [[0.9925967676226077, 0.03708851224369391, 0.11565508706797213], [-0.03805790029363778, 0.9992564004732374, 0.0061840390125412195], [-0.11533972919332858, -0.010539846906785378, 0.9932701840369473]], "T": [[0.22202011198685245, 0.07327242169095155, 0.13182558361755498]]}, {"R": [[0.9880971692372794, 0.1291243006021822, 0.08361159691856407], [-0.12947204507799492, 0.9915822558089309, -0.001272598991713141], [-0.08307209933904881, -0.00956791298399748, 0.9964976072989508]], "T": [[0.4840502482802995, 0.0695558630108126, 0.14234832756320961]]}, {"R": [[0.9911856507909464, 0.08257160283600867, 0.1035998845135478], [-0.08352124470236556, 0.9964941717470867, 0.00485462227731042], [-0.10283582716882074, -0.013464623246872965, 0.9946072071784541]], "T": [[0.35114841053651696, 0.05646401373166945, 0.11906134015531264]]}, {"R": [[0.9880738114611202, -0.024101406707605168, 0.15208308682890828], [0.02470356417225731, 0.9996926754728909, -0.0020708749456464803], [-0.15198643696686168, 0.005803171595597176, 0.988365542791507]], "T": [[0.04808815910012614, 0.041902632126784314, 0.11606757962723517]]}, {"R": [[0.9859777622655951, -0.01626651674452678, 0.16608206631280148], [0.01904188292172046, 0.9997041695408083, -0.015132088339623968], [-0.16578678781050452, 0.018082417861633518, 0.9859958251188248]], "T": [[0.08030550037023948, 0.020685883581034938, 0.12448141502641132]]}, {"R": [[0.98874138743489, 0.009712213742718254, 0.14931892605274308], [-0.00648199911859305, 0.9997346528257278, -0.02210447074345034], [-0.14949398804217967, 0.02088771992432989, 0.9885419822625681]], "T": [[0.1534354196676129, -0.00449100966069647, 0.12614425876555196]]}, {"R": [[0.9874492829204062, 0.05377011431869808, 0.1485014763095964], [-0.05137836300346984, 0.9984810092962281, -0.0198981881051889], [-0.14934583179673666, 0.012018688819498526, 0.988711977091408]], "T": [[0.2973520509609128, -0.04576001292641308, 0.10386991753782975]]}, {"R": [[0.9870763682487624, 0.08806997200995191, 0.13388025722637337], [-0.09126401586617912, 0.9956658648168201, 0.01789874427303965], [-0.1317236601860555, -0.02988587741292115, 0.9908358651555002]], "T": [[0.40143417457060554, -0.0543645141063, 0.08717777453961816]]}, {"R": [[0.9870724782116813, 0.0929087211108166, 0.13059820940044417], [-0.09534710243270683, 0.9953652244787917, 0.012529962329207474], [-0.12882877324082798, -0.02482014181742213, 0.9913561962006523]], "T": [[0.4367017638719151, -0.09849883347492658, 0.09063458158390365]]}, {"R": [[0.9868207924334036, 0.10173268927325924, 0.12583792573918184], [-0.10396970588098958, 0.9945160246170431, 0.011321529884847591], [-0.12399606397031268, -0.024255653220300266, 0.9919862092825317]], "T": [[0.4511792153681909, -0.10659438008654268, 0.10434229067193337]]}, {"R": [[0.9857987064551884, 0.11875982846007699, 0.11873084475152292], [-0.12241628187992203, 0.9921894272020436, 0.0239665283087916], [-0.11495722805449261, -0.038160761163972136, 0.9926371905310689]], "T": [[0.47858914123545887, -0.09463808924500704, 0.11857815827683948]]}, {"R": [[0.9855316995090138, 0.11810653629578566, 0.12156527196155627], [-0.12002815127509363, 0.9927333963115755, 0.008581768417268624], [-0.11966834236487993, -0.023048859665863126, 0.9925463404313902]], "T": [[0.48551409829628445, -0.11970386361789238, 0.1252537879103603]]}, {"R": [[0.9859509516579679, 0.11677706213903538, 0.11943131366154904], [-0.11776972327786939, 0.9930401284352082, 0.0012631692045554275], [-0.11845257786895781, -0.015310815639969519, 0.9928416619585609]], "T": [[0.48849165504557773, -0.11666571209817542, 0.12952294814608642]]}, {"R": [[0.9867875509497259, 0.10933403582192623, 0.1195675453521224], [-0.11047300279070874, 0.9938748382789553, 0.0029191591913622092], [-0.118516011344654, -0.01608957572063993, 0.9928217768603202]], "T": [[0.4717780323149083, -0.10266738859432811, 0.1124447910111727]]}, {"R": [[0.9889729102700868, 0.08166737744469363, 0.12354360450149036], [-0.08202116151787589, 0.9966280969349726, -0.0022283318947944482], [-0.12330900946473149, -0.007929430060274812, 0.9923366426388507]], "T": [[0.4426885314730678, -0.09608001757573628, 0.0977765012229933]]}, {"R": [[0.9902990576797288, 0.05684258898659584, 0.1267939132448481], [-0.060345072955931923, 0.9978901534181976, 0.023952325167908458], [-0.12516488536560239, -0.031371352988146695, 0.9916398487773213]], "T": [[0.3834417398331418, -0.039519071526152874, 0.05736049436251078]]}, {"R": [[0.9930499461922976, 0.04479494233139985, 0.10883573635989904], [-0.046927164981315266, 0.9987517953833871, 0.017108255471475573], [-0.10793352377408656, -0.022096704731416797, 0.9939125163140473]], "T": [[0.24393477386262577, -0.01494582863510071, 0.0015668439267330703]]}, {"R": [[0.9919440494346322, 0.05734350022286757, 0.11295452967196065], [-0.06114452092889601, 0.9976635451205156, 0.030476192313685844], [-0.11094300496921673, -0.03713722821852694, 0.9931326577696684]], "T": [[0.1943216756466924, 0.024274647750172157, -0.005877804800210908]]}, {"R": [[0.9943437914019219, 0.05192069548140479, 0.09265347204060138], [-0.05521293064490488, 0.9979181950829074, 0.03332878953807741], [-0.0907301316545512, -0.03825594467791596, 0.9951404553663508]], "T": [[0.13516572248264014, 0.03408762245962621, 0.00807492905018021]]}, {"R": [[0.9930439533311259, 0.03982033187905639, 0.11080635325436136], [-0.04209743423616162, 0.9989461538429385, 0.018286272259055162], [-0.10996141497461989, -0.02282373526489581, 0.9936737715796555]], "T": [[0.17555295736726617, -0.06740777072604474, 0.13861278000092384]]}, {"R": [[0.9931942166782499, 0.004259203349068045, 0.11639204072318966], [-0.000976388059508108, 0.999600489063357, -0.028247281827721106], [-0.11646585174734525, 0.027941393149389322, 0.9928015833617695]], "T": [[0.17828088741515927, -0.2121882552392234, 0.362481183245479]]}, {"R": [[0.9910858941822199, -0.0023027893984232596, 0.1332045326331511], [0.012899322767199494, 0.9968115109657111, -0.07874273984567465], [-0.13259848349501333, 0.07975906699079735, 0.9879555321002966]], "T": [[0.2120297737663462, -0.33922713350393924, 0.5985792483411938]]}, {"R": [[0.9886087194447436, 0.008038851042004776, 0.15029363496751516], [0.013219605912663688, 0.9900754992999682, -0.1399133578520381], [-0.14992678832462897, 0.1403063881647698, 0.9786910010737908]], "T": [[0.25166202621165507, -0.4382884812165206, 0.9382847808947464]]}, {"R": [[0.985898070992061, 0.03122878949580849, 0.16440728791863074], [-0.005509311090123069, 0.9879582118970786, -0.1546228283160008], [-0.1672562139516655, 0.15153657727345465, 0.974198144446396]], "T": [[0.28188209190759045, -0.4582707226502272, 1.0387622733993684]]}, {"R": [[0.989332422727339, 0.034071754634099685, 0.14163499877010458], [-0.01431385256552623, 0.9902950139536155, -0.13824217505284256], [-0.14497058655184572, 0.13474012347761186, 0.9802186634420158]], "T": [[0.29203402035307047, -0.41454391687978265, 0.8495590028758399]]}, {"R": [[0.9883451039535316, 0.03424581881095359, 0.1483279453948246], [-0.015843416818508357, 0.9922164116637175, -0.12351347525145233], [-0.15140324182327716, 0.11972391707233546, 0.9811948033118901]], "T": [[0.30239595028308075, -0.38405749751454343, 0.7838632106956176]]}, {"R": [[0.9865574686702349, 0.04540574189245914, 0.15697987009223177], [-0.0363194168968148, 0.9975208314485494, -0.06027512573582977], [-0.15932752733678493, 0.053763458123432736, 0.9857607364890103]], "T": [[0.3893479063527191, -0.15896806458966017, 0.23422687110460266]]}, {"R": [[0.9880411273573951, 0.04538299323410089, 0.14736049190824932], [-0.03735563056857352, 0.9976868529571954, -0.05679348819355792], [-0.14959708391259477, 0.050609558005194046, 0.9874509532748282]], "T": [[0.3928245070670111, -0.11391677105221518, 0.11113506974958191]]}, {"R": [[0.988987412294926, 0.0367543235714393, 0.14336323803887738], [-0.041977604545707974, 0.9985540856546619, 0.03358003482705797], [-0.14192173561082896, -0.03922827706117375, 0.9891002796683569]], "T": [[0.44982031829458574, 0.0675940364936939, -0.2634714702356367]]}, {"R": [[0.9886535959315792, 0.030657475969440854, 0.14705164541323903], [-0.038271198165582256, 0.9980540390145585, 0.04922855469843673], [-0.14525626541574224, -0.054297830287308904, 0.9879030129438628]], "T": [[0.44941089867097894, 0.08658695313455785, -0.2886030358992516]]}, {"R": [[0.988844832259447, 0.030813246484425044, 0.14572728486757794], [-0.03595979946278189, 0.9988143520915823, 0.03281436999957864], [-0.14454338634604716, -0.037688644138026556, 0.9887804486167061]], "T": [[0.4391605472027997, 0.1004644785890661, -0.27312057937395284]]}, {"R": [[0.9889433452484617, 0.04171796403456012, 0.14230485362626594], [-0.046057559096975335, 0.9985646562110637, 0.02733731179375193], [-0.14096014024826467, -0.03358926678109143, 0.9894452991541767]], "T": [[0.43326482948236894, 0.10084594201618327, -0.26341721080251435]]}, {"R": [[0.9881901960665462, 0.041930848658707415, 0.14738365014044635], [-0.044792714352479814, 0.99886573129992, 0.016151271640751093], [-0.14653924095237447, -0.02256224203036471, 0.9889475193839484]], "T": [[0.4421839907558816, 0.10084884575576267, -0.23450090353053127]]}, {"R": [[0.9862754350745986, 0.010309586272651836, 0.16478616021771383], [-0.015328993173785903, 0.999455532186285, 0.029217480221740266], [-0.16439521932431408, -0.03134248894259209, 0.9858964754223407]], "T": [[0.3987037946442494, 0.10730734400316584, -0.22133126107730502]]}, {"R": [[0.9701072750298362, -0.1113205609057716, 0.21563767679561505], [0.10313726100007342, 0.9934656983719151, 0.0488734237782224], [-0.21966925212143024, -0.02517218460975087, 0.9752495992280048]], "T": [[0.07000505214887273, 0.08704315702467479, -0.22760421459240607]]}, {"R": [[0.9893845305995621, 0.058449299770207484, 0.13304860001765], [-0.06639757883698655, 0.9962146315733321, 0.056104985195579486], [-0.12926566494963138, -0.06434350935084641, 0.9895202376250559]], "T": [[0.4024834043239395, 0.14102877230666863, -0.19148862389183705]]}, {"R": [[0.9866244577114259, 0.10422014535454657, 0.1253408981454651], [-0.10801494745165365, 0.9938630955135068, 0.023852012563441428], [-0.12208583280893477, -0.037071669487456986, 0.9918269711742879]], "T": [[0.52392940207832, 0.13229332486434556, -0.17479458331763317]]}, {"R": [[0.9887233760361965, 0.12772042304139863, 0.07818938046635253], [-0.13162966217589164, 0.9901817134672739, 0.04705110360527256], [-0.07141230786808743, -0.05681256773936222, 0.9958276027665701]], "T": [[0.5641093750428757, 0.17012194739854425, -0.18841895143578877]]}, {"R": [[0.9914824698554044, 0.0792867130030166, 0.10332535560357045], [-0.08374529505411465, 0.9957022102132987, 0.03954534274286967], [-0.09974586470489034, -0.047861526485571224, 0.9938611757970751]], "T": [[0.45055331015063327, 0.14198910960674604, -0.20238315017000585]]}, {"R": [[0.9732034304745552, -0.10494705729250277, 0.20460009305521296], [0.0882448836620207, 0.9921022896641563, 0.0891397069246647], [-0.2123391707152359, -0.06869615716168426, 0.9747783925442659]], "T": [[-5.339835802466456e-05, 0.165643430963499, -0.2314770475816483]]}, {"R": [[0.9751656863065552, -0.0939137789319332, 0.2005793767489299], [0.08374409013225285, 0.9947617356966522, 0.05861754482836137], [-0.20503368410626163, -0.04036448092702078, 0.9779222346696622]], "T": [[0.027264426160136104, 0.12360989468500697, -0.22554888569261533]]}, {"R": [[0.9773538104215329, 0.17951979210346655, 0.1120364828867745], [-0.18276798865815644, 0.9829657625058041, 0.019343527683312177], [-0.10665548076101092, -0.039382153121829286, 0.9935158048260362]], "T": [[0.6481669601823655, 0.14237014832799447, -0.15512924313806137]]}, {"R": [[0.9679629859140645, 0.2447336430857649, 0.056152487409712494], [-0.24576917294628534, 0.9692511474541096, 0.012236289804955256], [-0.05143123107244636, -0.02564482600567607, 0.998347219843633]], "T": [[0.8155613402990639, 0.18490338421470554, -0.10522793008842676]]}, {"R": [[0.9658562105027078, 0.2545122461964157, 0.0484282682883041], [-0.25549184902312716, 0.9666926352198779, 0.015141469360389565], [-0.04296156091312897, -0.02699751002783563, 0.9987118897540994]], "T": [[0.8232836688859438, 0.2072975601169805, -0.08418113251107383]]}, {"R": [[0.9779332531474209, 0.20291230509782815, 0.04973076340041853], [-0.2033784355168444, 0.9790901107165041, 0.004446016628916435], [-0.04778874716105534, -0.014462072362899227, 0.9987527642553722]], "T": [[0.6752599475246003, 0.18203082033087672, -0.0749444751470475]]}, {"R": [[0.9876470707921693, 0.06817850264079377, 0.14108492241663176], [-0.07350208456802751, 0.9967533479608212, 0.032866501077064555], [-0.1383860799350941, -0.042830539414691365, 0.989451786482618]], "T": [[0.36456910143740273, 0.16872569102398682, -0.10643100585807881]]}, {"R": [[0.9886010936277837, 0.06236144190389715, 0.13703622966798565], [-0.06560169789106599, 0.9976601282315816, 0.019253201571520905], [-0.1355149250516686, -0.028023545468251643, 0.9903789103104071]], "T": [[0.353309727552271, 0.1338995875660763, -0.10684853109214547]]}, {"R": [[0.98722428512986, 0.07481316670224303, 0.14068120321428534], [-0.08091074857159632, 0.9959918590748823, 0.0381269907302387], [-0.13726493221293112, -0.049022512629833426, 0.9893205403912512]], "T": [[0.4301832848301659, 0.07977948563630842, -0.02966500232594795]]}, {"R": [[0.9862659042158791, 0.08066094580168788, 0.14412972630103543], [-0.08441180725607016, 0.9962283791991674, 0.020091373122910917], [-0.14196553446875151, -0.03198168695639953, 0.989354819426491]], "T": [[0.4704230487193324, 0.0578010892884959, 0.018424182006029657]]}, {"R": [[0.9866061134239358, 0.08060833953217555, 0.1418121029827192], [-0.08560883922574568, 0.9958916718459435, 0.02951109273327478], [-0.13885065214444, -0.041256194028982104, 0.9894535981304564]], "T": [[0.4660994911406468, 0.07142373374791967, 0.01773571503587174]]}, {"R": [[0.9851661118190028, 0.0725798088929764, 0.1554988857339081], [-0.0772228992632623, 0.9967244312887499, 0.024021488328041924], [-0.15324606341698968, -0.03567323104482177, 0.9875439557984337]], "T": [[0.4831727459287814, 0.04330158152722993, -0.00785072025381563]]}, {"R": [[0.9824744289974519, 0.09104854816727469, 0.16264734317769344], [-0.09401329427871156, 0.9955144152413089, 0.010608937063588057], [-0.1609518464168563, -0.025714021921633634, 0.9866272306254367]], "T": [[0.5243645197838568, 0.011183094601158862, 0.01814624921852573]]}, {"R": [[0.9828133156168034, 0.09578578590601178, 0.15780706531924765], [-0.10130340460573836, 0.9944814542492625, 0.02728108079893471], [-0.1543230600448024, -0.04279860246129086, 0.9870930415952535]], "T": [[0.5283783453020786, 0.04858201247091101, 0.019537377513273654]]}, {"R": [[0.9832481631657298, 0.08223293924521662, 0.16266773907050772], [-0.08521110210629994, 0.9962976468081604, 0.011404693873657406], [-0.16112764414912792, -0.025074741626079117, 0.9866149905729881]], "T": [[0.5212496666952959, 0.026406152296891087, 0.0015735538655966262]]}, {"R": [[0.9835251856783873, 0.07557037615085156, 0.16421731755424815], [-0.07970379550960591, 0.9966428127745239, 0.01871920741506681], [-0.16225139172795067, -0.0314995554461356, 0.9862465532964052]], "T": [[0.5064709439554028, 0.0462686864767743, -0.016992041975641192]]}, {"R": [[0.9849613254786842, 0.07275530533692669, 0.15670945362869482], [-0.07821472885356766, 0.9965161248927448, 0.028949421740518295], [-0.15405727344606737, -0.04077104823374142, 0.9872203797148262]], "T": [[0.47827178546183646, 0.0709743330797699, -0.019685958165654497]]}, {"R": [[0.9890248358564545, 0.09187185188215691, 0.11571273435044348], [-0.09721429649079284, 0.9944023061233216, 0.04139364847920639], [-0.11126209874397257, -0.05218827845755121, 0.9924198350369281]], "T": [[0.3629044209265532, 0.09735451806360955, -0.04647892003672293]]}, {"R": [[0.9884011611710418, 0.10692861038679792, 0.10783977409325664], [-0.11548306162776771, 0.9903622485264144, 0.07646096501340963], [-0.09862457641386074, -0.08802777388104858, 0.991223639726542]], "T": [[0.31528619120445245, 0.08658492305449894, -0.07290647328727363]]}, {"R": [[0.9918024728560656, 0.07975910117604261, 0.09983156122280731], [-0.08781903152121356, 0.9929889023083273, 0.07912558116803634], [-0.09282064716036743, -0.08724405809046944, 0.9918532158483117]], "T": [[0.15451704963244647, 0.06966514138967951, -0.09471550422039056]]}, {"R": [[0.9933151982559045, 0.059932543596014194, 0.09865600403394065], [-0.06847367008093451, 0.9939742069317322, 0.08559575024544881], [-0.09293155233547103, -0.09177889829664428, 0.9914334876369538]], "T": [[0.018424496256031396, 0.06107607003733329, -0.1007970935429175]]}, {"R": [[0.9969619278059205, 0.0014051288262617295, 0.07787772543214215], [-0.006987588424916212, 0.9974192525440444, 0.07145633815473479], [-0.07757633732979723, -0.07178342613348458, 0.9943988393089727]], "T": [[-0.2890870311516893, -0.06369908975470202, -0.003094860598821458]]}, {"R": [[0.9969078748725496, -0.007412226879513216, 0.07822881764275587], [0.003260701618587725, 0.9985857957274109, 0.05306388975949824], [-0.07851150770461277, -0.0526447287403047, 0.9955222125567106]], "T": [[-0.33394806003699834, -0.11477586633186666, 0.04610271449372344]]}, {"R": [[0.9965762161651378, -0.009076056222264295, 0.08217950217314976], [0.005283428927687407, 0.9989158815071046, 0.04625091406286085], [-0.08251018575147255, -0.045658371371900264, 0.9955437621576075]], "T": [[-0.33942437917991586, -0.14771715324923498, 0.06629031958177667]]}, {"R": [[0.994960780099998, -0.011240938400635768, 0.09963276251653655], [0.008687247432650211, 0.9996234682043996, 0.026027937817881753], [-0.09988782605927196, -0.02503124285529424, 0.9946837985441765]], "T": [[-0.11087688007318666, -0.3377564067189821, 0.24264288827567193]]}, {"R": [[0.9952040111721949, 0.010860208344235725, 0.09721641847699199], [-0.013690015723941512, 0.9995003618473315, 0.02848877211344172], [-0.09685845144463166, -0.02968303457824306, 0.9948554457015224]], "T": [[0.028370144896710647, -0.35709260926192976, 0.25613514458909203]]}, {"R": [[0.9927294093010511, 0.03729806446689072, 0.1144428866107884], [-0.03863687991580015, 0.9992081381379753, 0.009502009745998295], [-0.11399785708143002, -0.01385464058951626, 0.9933843855804143]], "T": [[0.20061721869712465, -0.4009074333937838, 0.2766139089433497]]}, {"R": [[0.9854236507707526, 0.0721002747363811, 0.15408367494507683], [-0.06711266882004345, 0.9970465821431074, -0.03733634583886158], [-0.15632056226067287, 0.02645115157580617, 0.9873521248241788]], "T": [[0.7065946835912021, -0.4070133732819408, 0.3119948421219624]]}, {"R": [[0.9841890312727496, 0.07449880651828256, 0.16069187456047113], [-0.07083855275453567, 0.9970835304281619, -0.028395999587188584], [-0.1623386896770131, 0.01656385149245937, 0.9865960615458012]], "T": [[0.7684814709253422, -0.3780260583770358, 0.31622520166054413]]}, {"R": [[0.9800149253776801, 0.049824180221453046, 0.1925832212375741], [-0.04300241800122808, 0.9982960261941396, -0.039444088670388296], [-0.19422033385572143, 0.030374251435220035, 0.9804875658399357]], "T": [[1.0056491559862357, -0.31812519596730987, 0.3131356147572245]]}, {"R": [[0.9798644948729486, 0.04154095363049983, 0.19529444656428396], [-0.03555124530194682, 0.998786680116391, -0.034077508411837126], [-0.1964731041258882, 0.026448379790578645, 0.9801524384306715]], "T": [[1.0368823842725405, -0.3011331076515614, 0.2954793659576852]]}, {"R": [[0.9796462010274255, 0.0072926744960147396, 0.20059944593948464], [-0.010629243444235208, 0.9998224222011889, 0.015560952655632348], [-0.20045034296886657, -0.01737644849912734, 0.979549753224011]], "T": [[1.0852776779019535, -0.09417531766846765, 0.14163243509860488]]}, {"R": [[0.9753008208277738, 0.005789641256027927, 0.22080486622082687], [-0.01057174917831647, 0.9997343269315467, 0.020482032956666032], [-0.22062762069147532, -0.022310437217896197, 0.9751029163012307]], "T": [[1.069989421506558, -0.07743699357233368, 0.09129632404587638]]}, {"R": [[0.9757291575584375, -0.0005010082143735473, 0.21898027326923994], [-0.008940624310127682, 0.9990724162942692, 0.04212329802942372], [-0.21879825485420817, -0.04305875045446196, 0.9748196077644589]], "T": [[0.9355300705273892, -0.012769596411441505, -0.000874286138486858]]}, {"R": [[0.9756740800940203, 0.0017821757283587249, 0.21921887072594928], [-0.009051178500289412, 0.9994417875550705, 0.032158816154845074], [-0.21903918736254277, -0.03336071249836362, 0.9751455774709531]], "T": [[0.7176455018195671, 0.07558701740062013, -0.07192637688052834]]}, {"R": [[0.9782478357730678, 0.06933130674819563, 0.1955104644511302], [-0.08804324545277117, 0.99216026727887, 0.08869267705546127], [-0.18782853546639855, -0.10397679518868075, 0.9766827874631758]], "T": [[0.4747851784398768, 0.07147279785821935, -0.16337736412803458]]}, {"R": [[0.9782391324845885, 0.06640115258836832, 0.19656827468016255], [-0.08296550628610906, 0.9935529562209036, 0.07726090830033618], [-0.19017077704655153, -0.09188803033931887, 0.9774413872135101]], "T": [[0.46491320355264104, 0.04452684602034758, -0.15976273259297577]]}, {"R": [[0.9815488936121707, 0.06175293391074294, 0.18096503696056623], [-0.07673597561208655, 0.9940742471189671, 0.0769933845321794], [-0.17513811548485084, -0.08945930006586346, 0.9804711490585232]], "T": [[0.45033785982803864, 0.034764281865305675, -0.13863082801659107]]}, {"R": [[0.9880469432705139, 0.03386581495692304, 0.15038731486098617], [-0.04605206485242461, 0.9958653594651837, 0.07830321283388361], [-0.1471137152566749, -0.0842928964657393, 0.9855213150352428]], "T": [[0.3955865354263473, 0.041972074767862064, -0.11884206871329597]]}, {"R": [[0.9871440885363744, 0.03524363106079388, 0.1558987971003666], [-0.04900950246702178, 0.9951444001893113, 0.08535626186631444], [-0.15213355032873457, -0.0918994518019912, 0.9840781847103754]], "T": [[0.40682391394684886, 0.03103592156295234, -0.16499948639590853]]}, {"R": [[0.9867704527385178, 0.026001630719125524, 0.16002496305941416], [-0.012613864406600868, 0.9963762554182981, -0.08411449377688843], [-0.1616321874719034, 0.08098316392038866, 0.9835226297012647]], "T": [[0.3517736366869701, 0.08182164569895325, 0.12398722332174224]]}, {"R": [[0.9848151314391763, 0.050185842010103204, 0.1661942783316404], [-0.07165489123439563, 0.9894625017674065, 0.1258154766249847], [-0.15812885078512628, -0.13581361808714948, 0.9780337047829452]], "T": [[0.4481230915732561, 0.04418931876084103, -0.24012044909982333]]}, {"R": [[0.9855620065595415, 0.04982872843418839, 0.16181665257000613], [-0.07117966063967711, 0.989092815211736, 0.12895293252866805], [-0.1536261277828435, -0.13860916535047282, 0.9783590916137564]], "T": [[0.43157218776831324, 0.04751925238205738, -0.2282549956546175]]}, {"R": [[0.9899215402325514, 0.035266657824075384, 0.1371554119585981], [-0.017799253288643905, 0.9917999785299698, -0.1265542933697556], [-0.14049388159624557, 0.12283755709827124, 0.9824318825242537]], "T": [[0.33894782487316505, 0.09936619403733647, 0.3142853224715855]]}, {"R": [[0.9894504109319591, 0.0413224790847751, 0.1388536532787874], [-0.026145212110179263, 0.9936536963873268, -0.1094018260337368], [-0.14249320050546663, 0.10461732350854039, 0.9842514431950904]], "T": [[0.3504868830463882, 0.1169580032543565, 0.30328803904507057]]}, {"R": [[0.9886143323225207, 0.0550094242144538, 0.1400559358759592], [-0.0690992165280324, 0.9928033085589575, 0.09781047382361237], [-0.13366749867379363, -0.10637459171240908, 0.9853006881334802]], "T": [[0.4319025851179642, 0.052390231403077143, -0.11901167552054713]]}, {"R": [[0.9878325933754106, 0.05804751306870582, 0.14428185503294966], [-0.08274168330899336, 0.9816966879225327, 0.17153841192317124], [-0.13168364100527036, -0.18138935786993612, 0.9745549340817722]], "T": [[0.46551049740338263, 0.05020877993969545, -0.2660585724262037]]}, {"R": [[0.9892719760987471, 0.03893198817918558, 0.14080219317217926], [-0.06311906368243077, 0.9831366767540459, 0.17163408350576473], [-0.13174574416478577, -0.17868009155310594, 0.9750469136287958]], "T": [[0.44587715049199084, 0.059525813763401485, -0.2914101779176538]]}, {"R": [[0.9899967144348482, 0.028582972568612263, 0.13816482579639341], [-0.052652923143021044, 0.9833651142065482, 0.17384108215849814], [-0.13089757481596404, -0.17937688212443806, 0.9750332092121861]], "T": [[0.4157710603974787, 0.059164952375151285, -0.28529014025496996]]}, {"R": [[0.9901850187641809, 0.02633232593146871, 0.1372597436469183], [-0.04960563201373524, 0.9843654107055657, 0.16900893313366808], [-0.13066334561573384, -0.17415896995992397, 0.9760101143405234]], "T": [[0.41093932991601695, 0.05165651489835807, -0.2757789645428584]]}, {"R": [[0.9908260613674431, 0.03157970678918645, 0.13140181975219709], [-0.04984958541340141, 0.9891539667734823, 0.1381645716180403], [-0.12561343458878865, -0.14344738455403638, 0.98165376427507]], "T": [[0.4085574721877702, 0.05362618685000806, -0.19723585686740383]]}, {"R": [[0.9917109415694508, 0.03306153627259917, 0.12416256759075509], [-0.05215693592977668, 0.9867169241578504, 0.15384851515334158], [-0.11742683852446334, -0.15904919490448988, 0.9802623583482042]], "T": [[0.4128385178962379, 0.08398824258151721, -0.16946132652434034]]}, {"R": [[0.9910331766800708, 0.03434567003926692, 0.12912636318336063], [-0.054422344906459676, 0.9863625687123152, 0.15532897803734333], [-0.12203053345081177, -0.16096353000849897, 0.9793872017302009]], "T": [[0.4247981469942053, 0.08073610994515486, -0.1744282538253174]]}, {"R": [[0.9907455184602021, 0.02948961885675458, 0.13249030164773845], [-0.049628764542234756, 0.9872288864689656, 0.15138068387762604], [-0.12633409429380812, -0.15655506411780384, 0.9795561283142653]], "T": [[0.42505728127915754, 0.06937748328476599, -0.18240193735167334]]}, {"R": [[0.9908460317454714, 0.025347664709429753, 0.1325957664031195], [-0.04635363836492381, 0.9863785332564412, 0.15782499593285443], [-0.12678912250104962, -0.16252656713488406, 0.9785242119593995]], "T": [[0.4029768350375381, 0.08619748427628308, -0.18769379653436635]]}, {"R": [[0.9912645192994751, 0.02001484114399667, 0.13036126308056842], [-0.04062141868650044, 0.9867002645925833, 0.1573927831789697], [-0.12547730122168163, -0.16131334100720474, 0.9788939947160861]], "T": [[0.3745657477887345, 0.13172248634065073, -0.17922612016571274]]}]}